frequency = 1500

[scale]

X = 3.452
Y = 3.432
Z = 3.432

[offset]

X = -1407.7
Y = -744.7
Z = -214.3

[x-axis]

A0 = 294.09
A1 = 1.00829
B0 = -1307.0
B1 = 0.36
B2 = 11.8E-03
B3 = -15.0E-06
B4 = -30.0E-08
C0 = 1.301521
C1 = 60.85E-06
C2 = 665.7E-09
C3 = -2481.0E-12
C4 = 620.0E-14

[y-axis]

A0 = 292.794
A1 = 1.01061
B0 = -835.0
B1 = -7.05
B2 = 0.8E-03
B3 = -17.0E-06
B4 = 31.0E-08
C0 = 1.301964
C1 = 57.5E-06
C2 = 758.8E-09
C3 = -2608.0E-12
C4 = 303.0E-14

[z-axis]

A0 = 293.902
A1 = 1.00191
B0 = -290.0
B1 = -1.11
B2 = 8.5E-03
B3 = -49.0E-06
B4 = -76.0E-08
C0 = 1.304559
C1 = 64.0E-06
C2 = 700.9E-09
C3 = -2495.0E-12
C4 = 464.0E-14
